# Created by Octave 4.0.3, Sat Oct 15 23:03:06 2016 GMT <unknown@Suyog>
# name: MS
# type: matrix
# rows: 29
# columns: 10
 0.3145204888859368 0.325980630670071 0.3376986409463689 0.3492207820844917 0.3602847092881095 0.3707383083753103 0.3805159358006985 0.3896055240621926 0.3980249710860453 0.4058079727993563
 0.1658852120006864 0.1664312723671874 0.1696004930957873 0.1733651380855745 0.1772785900774047 0.181171587586304 0.184967519823492 0.1886298286437749 0.1921417138310114 0.1954970731311867
 0.08685530817455279 0.08507928385493616 0.08573885707179454 0.08695607231122135 0.08834195632406407 0.08976824577736453 0.09118236510496197 0.092560141456171 0.0938900016277948 0.09516672542624269
 0.07143958746186201 0.06708826424102413 0.06615615316445665 0.06615787562991439 0.06654082606772756 0.06709929266132116 0.06773903556223651 0.06841175668736806 0.06909100606467956 0.06976183897178584
 0.06812979324510569 0.06277022460049736 0.06155467249657281 0.06137504168405359 0.06158963029534738 0.06197968332380843 0.06245118731832761 0.06295807346781419 0.06347592967574557 0.06399126985818315
 0.07033012507576186 0.06361126088084279 0.06179150051502328 0.06122045242514869 0.06113958748750038 0.06128986988906874 0.06155937704234231 0.061892255549174 0.06225790577732987 0.06263853705156387
 0.07326078657976269 0.06496781231661924 0.06247889808200059 0.06150228129738247 0.06112893191272591 0.06104916157945781 0.06112892540283155 0.0613006820340918 0.06152674363008104 0.06178457545027854
 0.07455338108272178 0.0634229247749879 0.05983565850946994 0.05819168912608304 0.05733380282986397 0.05687009685822401 0.05663015451042377 0.05652740709871506 0.0565130881098578 0.05655769608822428
 0.05973892790829272 0.0469579638804223 0.04249284866952451 0.04019444245490114 0.03880238360224543 0.03788452324808435 0.03724820261125677 0.0367928402359354 0.03646019576653713 0.03621403314806099
 0.05000590543965682 0.03726765032263184 0.0329458091182178 0.03080127082069735 0.0295408288392107 0.028725015632769 0.02816301468159665 0.02775875470145424 0.02745869446645239 0.02723066568889381
 0.05194948819042198 0.03819106704707773 0.03351270607208899 0.03116340562263532 0.02975531687808135 0.02882182664151053 0.02816178867397375 0.02767379939391109 0.02730092929947601 0.02700864206329015
 0.05491931707036419 0.03977475281958937 0.03456562128879073 0.03193635960380872 0.03034823616386796 0.02928543400362074 0.02852594942099676 0.02795784193728637 0.02751822156141862 0.02716891199301405
 0.05833958156741965 0.04153398576347943 0.03570047706149548 0.03271919819677378 0.03090302370213099 0.02968104187174672 0.02880398931924362 0.02814492289677759 0.02763221282840364 0.02722236151685604
 0.0616987251054348 0.04308910022404191 0.03656377956803647 0.03324014254351269 0.03122107766486828 0.02986004635078148 0.02887773317330701 0.02813395534931957 0.027550546379667 0.02708038716403492
 0.06451535512951659 0.04390405371066761 0.03659535753474129 0.03280307271299 0.03045562803425021 0.0288483819508587 0.02767363441493895 0.02677480029699179 0.0260634725076823 0.02548581061086553
 0.06445454539898617 0.04258622645055349 0.03472657622246229 0.03065346382821659 0.02814576277526082 0.02643639691727555 0.02519013775511572 0.02423725125556181 0.02348254166009264 0.02286841960256815
 0.0657760933985528 0.04295046506377424 0.03475223744145488 0.03052462304500239 0.02792422054239089 0.02615031774548398 0.02485514335841027 0.02386296513251709 0.0230752560291568 0.02243241655084649
 0.06891615416201877 0.04464865139170265 0.03594769367601632 0.03145203244229202 0.02868702348808468 0.02679987346423356 0.02541913302268836 0.02435768189439787 0.02351124655162802 0.02281717192647143
 0.07190435131690878 0.04656200575795318 0.03733049609877101 0.03253617237122336 0.02957078907494996 0.02753444179392622 0.02603660137177525 0.02488067824722708 0.02395672434020871 0.02319821982306671
 0.07534602179971318 0.04853652591893235 0.03864398366988115 0.03347853155455409 0.03027709877430663 0.02807993205454646 0.02646688374498364 0.02522475006003662 0.02423370383262016 0.02342114559344229
 0.07862272252904554 0.05023856556187382 0.03968149099532926 0.03416379860250957 0.03074841077266121 0.02840628445576552 0.02668653174245856 0.02536103689117332 0.0243020295067963 0.02343230164996913
 0.08167469707620413 0.05181813551600417 0.04063943709975246 0.03477203279635187 0.03113199186305832 0.02863325897420633 0.02679734219662645 0.02538113987602038 0.02424827292998471 0.0233163985138564
 0.08428956027176987 0.05318533658065362 0.04147483886139056 0.03533336801388812 0.03152923230251713 0.02891823098025199 0.02699793442907739 0.02551454621951375 0.02432629356533178 0.02334772527192763
 0.08680538147941115 0.05474576585727047 0.04264788989453464 0.0362676954770722 0.032289949525816 0.02954836990644443 0.02752841642537459 0.02596761211120302 0.0247179211367674 0.02368946493542758
 0.08969289581498081 0.05652134841766058 0.04388300398715385 0.0371760978929503 0.03299537236566218 0.03012056407186602 0.02800718201897358 0.02637657721458253 0.02507181320593158 0.02399794797804948
 0.09192411963799016 0.05803047833266438 0.04498279330865384 0.03805636097252756 0.03373644496824007 0.03076088523736985 0.02856837207735161 0.02687246705175955 0.02551213925379276 0.02439005531356522
 0.09446361178036264 0.05988147537788033 0.04635543370544493 0.03912710852511894 0.03459799429635328 0.03146821319047488 0.02915713512211661 0.0273672607542607 0.02593070317938755 0.02474562398243992
 0.0974536861157182 0.0617133449191252 0.04762287311267749 0.04006754409978235 0.0353275531569087 0.03205191195825439 0.02963489582944975 0.02776518848172596 0.02626660454753489 0.02503200935884458
 0.10022778045526 0.06344335035691696 0.04885817067334323 0.04100980898872295 0.03608395549516785 0.03268331242448493 0.03017735959388876 0.02824092460078783 0.02668985497405533 0.0254123166232707


