# Created by Octave 4.0.3, Tue Oct 18 21:12:10 2016 GMT <unknown@Suyog>
# name: MS
# type: matrix
# rows: 39
# columns: 10
 1.069923772145694 1.092567756920888 1.116528061922756 1.14057944281688 1.164533189690621 1.18833189722211 1.211928075442034 1.235276837394374 1.258340420618446 1.281089952612192
 0.8611179611443804 0.8718786566135917 0.8845497976008028 0.89756369380666 0.9104503965581294 0.9230616074986999 0.9353594237475099 0.9473451037235664 0.9590335096128485 0.97044345278042
 0.8530343432576387 0.8598119839556227 0.8685321814179349 0.8777364783824957 0.8869722681081557 0.8960611914324923 0.9049305673483545 0.91355619683864 0.9219379734439389 0.9300875582922452
 0.7585892831395151 0.7606986795082432 0.7661956040820214 0.7725796841589504 0.7792815520478024 0.7860806356375081 0.7928720754406684 0.7996030726702971 0.8062479893880866 0.8127962261283764
 0.522314224710737 0.5094363140825523 0.5061218482721435 0.5057769935750988 0.5068555970635413 0.5087221487031123 0.5110544120380017 0.5136724982705397 0.5164701697747761 0.5193824012748187
 0.2456130852517908 0.2327129052079301 0.2284825546183095 0.2265980622621182 0.2257354139433616 0.2254447151865103 0.2255209003684854 0.2258502620016653 0.2263619064339512 0.2270086252876967
 0.09998851291567527 0.08923333648092174 0.08494765200552055 0.08252683680404276 0.08094314149567754 0.0798252040249294 0.0790013471102223 0.07837863437435939 0.07790110683229758 0.0775324679185623
 0.07484614156646957 0.06612851937415594 0.0629078670304602 0.06107594307275555 0.05982455369628369 0.05889034574480052 0.05815882394087581 0.0575690685028072 0.0570839942696323 0.05667901431584266
 0.07493301794161719 0.06559702988515444 0.06215919723385908 0.06021036162751865 0.05887719258415407 0.05787726126891066 0.05708961000666468 0.05645055507136132 0.05592143216909212 0.05547655053078145
 0.07649410119169071 0.06630150121471901 0.06256678348328994 0.06045915913813887 0.05901775138079295 0.05793300303937193 0.05707376256277542 0.05637183551735857 0.05578621614405424 0.05528982018490695
 0.07806683664423396 0.06701373953969966 0.06298249975964526 0.06070743733731593 0.05914724138646506 0.05796751804976914 0.05702712666281797 0.056253219900865 0.05560237614050023 0.05504612616725266
 0.07966907984243765 0.067760117566983 0.06343551701845711 0.0609878658242665 0.05930243368215839 0.05802240525606785 0.0569968036374556 0.05614779849354567 0.05542926545595505 0.05481117942025966
 0.08137450541006 0.06860093098171446 0.06399394734513317 0.06138171672419279 0.05957621653059758 0.05819958001692997 0.05709171614597697 0.05617012935220297 0.05538613049878297 0.05470819953611324
 0.08317134438066641 0.06953490402936485 0.06464949708174229 0.06188267388429219 0.0599680082420778 0.0585042129824689 0.05732158710519896 0.05633309164316566 0.05548771988573221 0.05475268889598517
 0.08499854343529109 0.07049052818786651 0.06531715895441098 0.06239948963735752 0.06038345201498466 0.05884007238687391 0.05758897635791129 0.05653857004424161 0.05563575875030673 0.05484673177647685
 0.08682792127637839 0.07142101336994035 0.06594425262809152 0.06287252142482531 0.06075633697064741 0.05913593440153794 0.05781929966763206 0.05671003353690991 0.05575291488347554 0.05491311730525965
 0.08857947949406074 0.0722941147956086 0.06651810405939532 0.06329325578914448 0.06107826867347441 0.05938313708531679 0.05800405535056893 0.0568395593480585 0.05583208254290165 0.05494562893032182
 0.09017539198647175 0.07310093865690172 0.06705296198638511 0.06368382200641726 0.06137431767298723 0.05960796588775412 0.05816994023921157 0.05695372008645808 0.05589927822529636 0.05496936396504906
 0.0916743017629511 0.07387782651378315 0.0675750496285647 0.06406491980756707 0.06166226638095277 0.05982696251640004 0.05833333573880946 0.05706943911381053 0.05597242718975436 0.0550035465569013
 0.09310573587049047 0.0746206061412098 0.06807704247539827 0.06443673932676011 0.0619500224877511 0.06005341961107986 0.05851057695093653 0.05720426223525881 0.05606894226207403 0.05506448118112525
 0.09456547759993957 0.07535714101041656 0.06857150819829456 0.0648080856404732 0.0622439722919725 0.06029070748481707 0.0587014166923592 0.05735404693499572 0.05618079449088972 0.05514045369362545
 0.0961433694601429 0.07609920203191645 0.06904082243218865 0.0651454847855375 0.06250000569206497 0.06048683965611919 0.05884789654832575 0.05745637719538101 0.05624236694763964 0.05516368697798845
 0.09781864048361144 0.07685963079643154 0.06950112939914253 0.06546122917408412 0.06272510785312931 0.0606439009180856 0.0589481892590128 0.05750656615551853 0.05624703162537411 0.05512634638718379
 0.09955057136232738 0.07767368197757896 0.07000908169996069 0.06581624739019501 0.06298141439842428 0.06082566629603482 0.05906855228088012 0.05757390230646201 0.05626732428008578 0.0551042036966873
 0.1012589099078714 0.07850908547949387 0.07054325397667703 0.06619421449934296 0.06325874039884651 0.06102919548389411 0.05921347047935047 0.05766980734340017 0.05632080299233798 0.05512008016215513
 0.1029629095603928 0.07937055470158505 0.07109702546147972 0.06658409079057437 0.06354559508183463 0.06124419853218784 0.05937428367770792 0.05778713776191446 0.05640153447635662 0.05516891093728869
 0.1046704171027869 0.08025534488630827 0.07167106725928356 0.06699225826811789 0.06385203694957824 0.06148200428798882 0.05956178336625944 0.05793499197540534 0.05651625946312869 0.05525473582158694
 0.106389588441362 0.08115696823978677 0.0722629814955108 0.0674200207282059 0.06417978731885499 0.06174245783772096 0.05977284356988242 0.0581069534827774 0.05665535090616045 0.055364963754098
 0.108149237025923 0.08207697419534965 0.07286787753710092 0.0678579782612224 0.06451550800494887 0.06200911577472466 0.05998882193672818 0.05828294632946345 0.05679785104442632 0.05547810806379382
 0.109929060807705 0.08299812866040809 0.07347062180949637 0.06829179749675414 0.06484544527775217 0.06226892278104026 0.0601975033614472 0.0584516885483711 0.05693346034999269 0.0555848766138935
 0.1116510632945186 0.08386979458410253 0.07403422043561235 0.06869525798326927 0.06515289929250534 0.06251340762245082 0.0603973952385008 0.0586176089899547 0.05707170225309235 0.05569926408884109
 0.1132971747013013 0.08469388250789982 0.07456385446409441 0.06907606827398705 0.06544733139057421 0.0627529280317641 0.06059909321408099 0.05879114247455278 0.05722267352080084 0.05583100679589295
 0.1149535387217194 0.08551770649925934 0.0750839451446267 0.06944239706435484 0.06572461102697823 0.06297369185536272 0.06078105099487034 0.05894445739487503 0.05735343206203054 0.055943005821683
 0.1167137099723431 0.08640752100642038 0.07564793888462421 0.06983872406196655 0.06602179861446945 0.06320627520516814 0.06096811555306844 0.05909732851354459 0.05747924722661314 0.05604650439556931
 0.118565802415251 0.08736078417698516 0.07626865112537777 0.07028924752546166 0.06637024337808027 0.06348646648721054 0.06119896005697351 0.05929042301848697 0.05764223519876053 0.05618470103210836
 0.1204127395342492 0.08831610217455485 0.07690658470239704 0.07076532832784273 0.06674840029073358 0.06379857912429533 0.06146312276820919 0.05951789929699605 0.05784049828914035 0.05635892814690611
 0.1222079196511769 0.08925908519782716 0.07754598566700376 0.07124699811459645 0.06713347877604467 0.06411842392292134 0.0617358518775528 0.05975480318498452 0.05804896463064893 0.05654395354436935
 0.123934492798816 0.09013961987694295 0.07812564188448512 0.07167120876068755 0.06746403245294345 0.06438711273715894 0.06196084483213905 0.0599471823003177 0.05821579294329617 0.05668988195544339
 0.1255574204263911 0.090898699681545 0.07858283874289271 0.07197860172377346 0.06768480526095945 0.06455257125543326 0.06208815770031553 0.06004645124807258 0.05829329106167306 0.0567496770528047


